[64] [2, 32, 1] [32, 1] 1
[2, 32, 1] [2, 2, 2, 2, 2] 2
[2, 32, 1] [2, 2, 2, 2, 2] 2
[2, 32, 1] [2, 2, 2, 2, 2] 2
[2, 32, 1] [2, 2, 2, 2, 2] 2
[2, 32, 1] [2, 2, 2, 2, 2] 2
[2, 32, 1] [2, 2, 2, 2, 2] 2
[2, 32, 1] [2, 2, 2, 2, 2] 2
[2, 32, 1] [2, 2, 2, 2, 2] 2
[64] [2, 32, 1] [32, 1] 0
[64] [4, 16, 1] [16, 1] 1
[4, 16, 1] [2, 2, 2, 2] 2
[4, 16, 1] [2, 2, 2, 2] 2
[4, 16, 1] [2, 2, 2, 2] 2
[4, 16, 1] [2, 2, 2, 2] 2
[4, 16, 1] [2, 2, 2, 2] 2
[4, 16, 1] [2, 2, 2, 2] 2
[64] [4, 16, 1] [16, 1] 0
[64] [8, 8, 1] [8, 1] 1
[8, 8, 1] [2, 2, 2] 2
[8, 8, 1] [2, 2, 2] 2
[8, 8, 1] [2, 2, 2] 2
[8, 8, 1] [2, 2, 2] 2
[64] [8, 8, 1] [8, 1] 0
[64] [16, 4, 1] [4, 1] 1
[16, 4, 1] [2, 2] 2
[16, 4, 1] [2, 2] 2
[64] [16, 4, 1] [4, 1] 0
[16, 4, 1] [4, 4] 4
[16, 4, 1] [4, 4] 4
[16, 4, 1] [4, 4] 4
[16, 4, 1] [4, 4] 4
[128] [32, 4, 1] [4, 1] 1
[32, 4, 1] [2, 2] 2
[32, 4, 1] [2, 2] 2
[128] [32, 4, 1] [4, 1] 0
[32, 4, 1] [8, 4] 4
[32, 4, 1] [8, 4] 4
[32, 4, 1] [8, 4] 4
[32, 4, 1] [8, 4] 4
[32, 4, 1] [8, 4] 4
[32, 4, 1] [8, 4] 4
[32, 4, 1] [8, 4] 4
[32, 4, 1] [8, 4] 4
[128] [64, 2, 1] [2, 1] 1
[128] [64, 2, 1] [2, 1] 0
[64, 2, 1] [8, 8] 8
[64, 2, 1] [8, 8] 8
[64, 2, 1] [8, 8] 8
[64, 2, 1] [8, 8] 8
[64, 2, 1] [8, 8] 8
[64, 2, 1] [8, 8] 8
[64, 2, 1] [8, 8] 8
[64, 2, 1] [8, 8] 8
[128] [128, 1] [1] 0
[128, 1] [8, 2, 8] 2
[128, 1] [8, 2, 8] 2
[128, 1] [8, 2, 8] 2
[128, 1] [8, 2, 8] 2
[128, 1] [8, 2, 8] 2
[128, 1] [8, 2, 8] 2
[128, 1] [8, 2, 8] 2
[128, 1] [8, 2, 8] 2
[128, 1] [8, 8, 2] 8
[128, 1] [8, 8, 2] 8
[128, 1] [8, 8, 2] 8
[128, 1] [8, 8, 2] 8
[128, 1] [8, 8, 2] 8
[128, 1] [8, 8, 2] 8
[128, 1] [8, 8, 2] 8
[128, 1] [8, 8, 2] 8
[256] [256, 1] [1] 0
[256, 1] [16, 16] 16
[256, 1] [16, 16] 16
[256, 1] [16, 16] 16
[256, 1] [16, 16] 16
[256, 1] [16, 16] 16
[256, 1] [16, 16] 16
[256, 1] [16, 16] 16
[256, 1] [16, 16] 16
[256, 1] [16, 16] 16
[256, 1] [16, 16] 16
[256, 1] [16, 16] 16
[256, 1] [16, 16] 16
[256, 1] [16, 16] 16
[256, 1] [16, 16] 16
[256, 1] [16, 16] 16
[256, 1] [16, 16] 16
[512] [512, 1] [1] 0
[512, 1] [8, 8, 8] 8
[512, 1] [8, 8, 8] 8
[512, 1] [8, 8, 8] 8
[512, 1] [8, 8, 8] 8
[512, 1] [8, 8, 8] 8
[512, 1] [8, 8, 8] 8
[512, 1] [8, 8, 8] 8
[512, 1] [8, 8, 8] 8
[512, 1] [8, 8, 8] 8
[512, 1] [8, 8, 8] 8
[512, 1] [8, 8, 8] 8
[512, 1] [8, 8, 8] 8
[512, 1] [8, 8, 8] 8
[512, 1] [8, 8, 8] 8
[512, 1] [8, 8, 8] 8
[512, 1] [8, 8, 8] 8
[1024] [1024, 1] [1] 0
[1024, 1] [16, 4, 16] 4
[1024, 1] [16, 4, 16] 4
[1024, 1] [16, 4, 16] 4
[1024, 1] [16, 4, 16] 4
[1024, 1] [16, 4, 16] 4
[1024, 1] [16, 4, 16] 4
[1024, 1] [16, 4, 16] 4
[1024, 1] [16, 4, 16] 4
[1024, 1] [16, 4, 16] 4
[1024, 1] [16, 4, 16] 4
[1024, 1] [16, 4, 16] 4
[1024, 1] [16, 4, 16] 4
[1024, 1] [16, 4, 16] 4
[1024, 1] [16, 4, 16] 4
[1024, 1] [16, 4, 16] 4
[1024, 1] [16, 4, 16] 4
[1024, 1] [16, 16, 4] 16
[1024, 1] [16, 16, 4] 16
[1024, 1] [16, 16, 4] 16
[1024, 1] [16, 16, 4] 16
[1024, 1] [16, 16, 4] 16
[1024, 1] [16, 16, 4] 16
[1024, 1] [16, 16, 4] 16
[1024, 1] [16, 16, 4] 16
[1024, 1] [16, 16, 4] 16
[1024, 1] [16, 16, 4] 16
[1024, 1] [16, 16, 4] 16
[1024, 1] [16, 16, 4] 16
[1024, 1] [16, 16, 4] 16
[1024, 1] [16, 16, 4] 16
[1024, 1] [16, 16, 4] 16
[1024, 1] [16, 16, 4] 16
[2048] [2048, 1] [1] 0
[2048, 1] [16, 8, 16] 8
[2048, 1] [16, 8, 16] 8
[2048, 1] [16, 8, 16] 8
[2048, 1] [16, 8, 16] 8
[2048, 1] [16, 8, 16] 8
[2048, 1] [16, 8, 16] 8
[2048, 1] [16, 8, 16] 8
[2048, 1] [16, 8, 16] 8
[2048, 1] [16, 8, 16] 8
[2048, 1] [16, 8, 16] 8
[2048, 1] [16, 8, 16] 8
[2048, 1] [16, 8, 16] 8
[2048, 1] [16, 8, 16] 8
[2048, 1] [16, 8, 16] 8
[2048, 1] [16, 8, 16] 8
[2048, 1] [16, 8, 16] 8
[2048, 1] [16, 16, 8] 16
[2048, 1] [16, 16, 8] 16
[2048, 1] [16, 16, 8] 16
[2048, 1] [16, 16, 8] 16
[2048, 1] [16, 16, 8] 16
[2048, 1] [16, 16, 8] 16
[2048, 1] [16, 16, 8] 16
[2048, 1] [16, 16, 8] 16
[2048, 1] [16, 16, 8] 16
[2048, 1] [16, 16, 8] 16
[2048, 1] [16, 16, 8] 16
[2048, 1] [16, 16, 8] 16
[2048, 1] [16, 16, 8] 16
[2048, 1] [16, 16, 8] 16
[2048, 1] [16, 16, 8] 16
[2048, 1] [16, 16, 8] 16
[4096] [4096, 1] [1] 0
[4096, 1] [16, 16, 16] 16
[4096, 1] [16, 16, 16] 16
[4096, 1] [16, 16, 16] 16
[4096, 1] [16, 16, 16] 16
[4096, 1] [16, 16, 16] 16
[4096, 1] [16, 16, 16] 16
[4096, 1] [16, 16, 16] 16
[4096, 1] [16, 16, 16] 16
[4096, 1] [16, 16, 16] 16
[4096, 1] [16, 16, 16] 16
[4096, 1] [16, 16, 16] 16
[4096, 1] [16, 16, 16] 16
[4096, 1] [16, 16, 16] 16
[4096, 1] [16, 16, 16] 16
[4096, 1] [16, 16, 16] 16
[4096, 1] [16, 16, 16] 16
[4096, 1] [16, 16, 16] 16
[4096, 1] [16, 16, 16] 16
[4096, 1] [16, 16, 16] 16
[4096, 1] [16, 16, 16] 16
[4096, 1] [16, 16, 16] 16
[4096, 1] [16, 16, 16] 16
[4096, 1] [16, 16, 16] 16
[4096, 1] [16, 16, 16] 16
[4096, 1] [16, 16, 16] 16
[4096, 1] [16, 16, 16] 16
[4096, 1] [16, 16, 16] 16
[4096, 1] [16, 16, 16] 16
[4096, 1] [16, 16, 16] 16
[4096, 1] [16, 16, 16] 16
[4096, 1] [16, 16, 16] 16
[4096, 1] [16, 16, 16] 16
[8192] [8192, 1] [1] 0
[8192, 1] [32, 8, 32] 8
[8192, 1] [32, 8, 32] 8
[8192, 1] [32, 8, 32] 8
[8192, 1] [32, 8, 32] 8
[8192, 1] [32, 8, 32] 8
[8192, 1] [32, 8, 32] 8
[8192, 1] [32, 8, 32] 8
[8192, 1] [32, 8, 32] 8
[8192, 1] [32, 8, 32] 8
[8192, 1] [32, 8, 32] 8
[8192, 1] [32, 8, 32] 8
[8192, 1] [32, 8, 32] 8
[8192, 1] [32, 8, 32] 8
[8192, 1] [32, 8, 32] 8
[8192, 1] [32, 8, 32] 8
[8192, 1] [32, 8, 32] 8
[8192, 1] [32, 8, 32] 8
[8192, 1] [32, 8, 32] 8
[8192, 1] [32, 8, 32] 8
[8192, 1] [32, 8, 32] 8
[8192, 1] [32, 8, 32] 8
[8192, 1] [32, 8, 32] 8
[8192, 1] [32, 8, 32] 8
[8192, 1] [32, 8, 32] 8
[8192, 1] [32, 8, 32] 8
[8192, 1] [32, 8, 32] 8
[8192, 1] [32, 8, 32] 8
[8192, 1] [32, 8, 32] 8
[8192, 1] [32, 8, 32] 8
[8192, 1] [32, 8, 32] 8
[8192, 1] [32, 8, 32] 8
[8192, 1] [32, 8, 32] 8
[8192, 1] [32, 32, 8] 32
[8192, 1] [32, 32, 8] 32
[8192, 1] [32, 32, 8] 32
[8192, 1] [32, 32, 8] 32
[8192, 1] [32, 32, 8] 32
[8192, 1] [32, 32, 8] 32
[8192, 1] [32, 32, 8] 32
[8192, 1] [32, 32, 8] 32
[8192, 1] [32, 32, 8] 32
[8192, 1] [32, 32, 8] 32
[8192, 1] [32, 32, 8] 32
[8192, 1] [32, 32, 8] 32
[8192, 1] [32, 32, 8] 32
[8192, 1] [32, 32, 8] 32
[8192, 1] [32, 32, 8] 32
[8192, 1] [32, 32, 8] 32
[8192, 1] [32, 32, 8] 32
[8192, 1] [32, 32, 8] 32
[8192, 1] [32, 32, 8] 32
[8192, 1] [32, 32, 8] 32
[8192, 1] [32, 32, 8] 32
[8192, 1] [32, 32, 8] 32
[8192, 1] [32, 32, 8] 32
[8192, 1] [32, 32, 8] 32
[8192, 1] [32, 32, 8] 32
[8192, 1] [32, 32, 8] 32
[8192, 1] [32, 32, 8] 32
[8192, 1] [32, 32, 8] 32
[8192, 1] [32, 32, 8] 32
[8192, 1] [32, 32, 8] 32
[8192, 1] [32, 32, 8] 32
[8192, 1] [32, 32, 8] 32
[512, 512] [128, 128, 1] [4, 4] 1
[128, 128, 1] [8, 2, 8] 2
[128, 128, 1] [8, 2, 8] 2
[128, 128, 1] [8, 2, 8] 2
[128, 128, 1] [8, 2, 8] 2
[128, 128, 1] [8, 2, 8] 2
[128, 128, 1] [8, 2, 8] 2
[128, 128, 1] [8, 2, 8] 2
[128, 128, 1] [8, 2, 8] 2
[128, 128, 1] [8, 8, 2] 8
[128, 128, 1] [8, 8, 2] 8
[128, 128, 1] [8, 8, 2] 8
[128, 128, 1] [8, 8, 2] 8
[128, 128, 1] [8, 8, 2] 8
[128, 128, 1] [8, 8, 2] 8
[128, 128, 1] [8, 8, 2] 8
[128, 128, 1] [8, 8, 2] 8
[512, 512] [128, 128, 1] [4, 4] 0
[128, 128, 1] [8, 2, 8] 2
[128, 128, 1] [8, 2, 8] 2
[128, 128, 1] [8, 2, 8] 2
[128, 128, 1] [8, 2, 8] 2
[128, 128, 1] [8, 2, 8] 2
[128, 128, 1] [8, 2, 8] 2
[128, 128, 1] [8, 2, 8] 2
[128, 128, 1] [8, 2, 8] 2
[128, 128, 1] [8, 8, 2] 8
[128, 128, 1] [8, 8, 2] 8
[128, 128, 1] [8, 8, 2] 8
[128, 128, 1] [8, 8, 2] 8
[128, 128, 1] [8, 8, 2] 8
[128, 128, 1] [8, 8, 2] 8
[128, 128, 1] [8, 8, 2] 8
[128, 128, 1] [8, 8, 2] 8
[1024, 1024] [256, 128, 1] [4, 8] 1
[256, 128, 1] [8, 2, 8] 2
[256, 128, 1] [8, 2, 8] 2
[256, 128, 1] [8, 2, 8] 2
[256, 128, 1] [8, 2, 8] 2
[256, 128, 1] [8, 2, 8] 2
[256, 128, 1] [8, 2, 8] 2
[256, 128, 1] [8, 2, 8] 2
[256, 128, 1] [8, 2, 8] 2
[256, 128, 1] [8, 8, 2] 8
[256, 128, 1] [8, 8, 2] 8
[256, 128, 1] [8, 8, 2] 8
[256, 128, 1] [8, 8, 2] 8
[256, 128, 1] [8, 8, 2] 8
[256, 128, 1] [8, 8, 2] 8
[256, 128, 1] [8, 8, 2] 8
[256, 128, 1] [8, 8, 2] 8
[1024, 1024] [256, 128, 1] [4, 8] 0
[256, 128, 1] [8, 4, 8] 4
[256, 128, 1] [8, 4, 8] 4
[256, 128, 1] [8, 4, 8] 4
[256, 128, 1] [8, 4, 8] 4
[256, 128, 1] [8, 4, 8] 4
[256, 128, 1] [8, 4, 8] 4
[256, 128, 1] [8, 4, 8] 4
[256, 128, 1] [8, 4, 8] 4
[256, 128, 1] [8, 8, 4] 8
[256, 128, 1] [8, 8, 4] 8
[256, 128, 1] [8, 8, 4] 8
[256, 128, 1] [8, 8, 4] 8
[256, 128, 1] [8, 8, 4] 8
[256, 128, 1] [8, 8, 4] 8
[256, 128, 1] [8, 8, 4] 8
[256, 128, 1] [8, 8, 4] 8
[2048, 2048] [256, 256, 1] [8, 8] 1
[256, 256, 1] [16, 16] 16
[256, 256, 1] [16, 16] 16
[256, 256, 1] [16, 16] 16
[256, 256, 1] [16, 16] 16
[256, 256, 1] [16, 16] 16
[256, 256, 1] [16, 16] 16
[256, 256, 1] [16, 16] 16
[256, 256, 1] [16, 16] 16
[256, 256, 1] [16, 16] 16
[256, 256, 1] [16, 16] 16
[256, 256, 1] [16, 16] 16
[256, 256, 1] [16, 16] 16
[256, 256, 1] [16, 16] 16
[256, 256, 1] [16, 16] 16
[256, 256, 1] [16, 16] 16
[256, 256, 1] [16, 16] 16
[2048, 2048] [256, 256, 1] [8, 8] 0
[256, 256, 1] [16, 16] 16
[256, 256, 1] [16, 16] 16
[256, 256, 1] [16, 16] 16
[256, 256, 1] [16, 16] 16
[256, 256, 1] [16, 16] 16
[256, 256, 1] [16, 16] 16
[256, 256, 1] [16, 16] 16
[256, 256, 1] [16, 16] 16
[256, 256, 1] [16, 16] 16
[256, 256, 1] [16, 16] 16
[256, 256, 1] [16, 16] 16
[256, 256, 1] [16, 16] 16
[256, 256, 1] [16, 16] 16
[256, 256, 1] [16, 16] 16
[256, 256, 1] [16, 16] 16
[256, 256, 1] [16, 16] 16
[2048, 4096] [256, 512, 1] [8, 8] 1
[256, 512, 1] [16, 2, 16] 2
[256, 512, 1] [16, 2, 16] 2
[256, 512, 1] [16, 2, 16] 2
[256, 512, 1] [16, 2, 16] 2
[256, 512, 1] [16, 2, 16] 2
[256, 512, 1] [16, 2, 16] 2
[256, 512, 1] [16, 2, 16] 2
[256, 512, 1] [16, 2, 16] 2
[256, 512, 1] [16, 2, 16] 2
[256, 512, 1] [16, 2, 16] 2
[256, 512, 1] [16, 2, 16] 2
[256, 512, 1] [16, 2, 16] 2
[256, 512, 1] [16, 2, 16] 2
[256, 512, 1] [16, 2, 16] 2
[256, 512, 1] [16, 2, 16] 2
[256, 512, 1] [16, 2, 16] 2
[256, 512, 1] [16, 16, 2] 16
[256, 512, 1] [16, 16, 2] 16
[256, 512, 1] [16, 16, 2] 16
[256, 512, 1] [16, 16, 2] 16
[256, 512, 1] [16, 16, 2] 16
[256, 512, 1] [16, 16, 2] 16
[256, 512, 1] [16, 16, 2] 16
[256, 512, 1] [16, 16, 2] 16
[256, 512, 1] [16, 16, 2] 16
[256, 512, 1] [16, 16, 2] 16
[256, 512, 1] [16, 16, 2] 16
[256, 512, 1] [16, 16, 2] 16
[256, 512, 1] [16, 16, 2] 16
[256, 512, 1] [16, 16, 2] 16
[256, 512, 1] [16, 16, 2] 16
[256, 512, 1] [16, 16, 2] 16
[2048, 4096] [256, 512, 1] [8, 8] 0
[256, 512, 1] [8, 4, 8] 4
[256, 512, 1] [8, 4, 8] 4
[256, 512, 1] [8, 4, 8] 4
[256, 512, 1] [8, 4, 8] 4
[256, 512, 1] [8, 4, 8] 4
[256, 512, 1] [8, 4, 8] 4
[256, 512, 1] [8, 4, 8] 4
[256, 512, 1] [8, 4, 8] 4
[256, 512, 1] [8, 8, 4] 8
[256, 512, 1] [8, 8, 4] 8
[256, 512, 1] [8, 8, 4] 8
[256, 512, 1] [8, 8, 4] 8
[256, 512, 1] [8, 8, 4] 8
[256, 512, 1] [8, 8, 4] 8
[256, 512, 1] [8, 8, 4] 8
[256, 512, 1] [8, 8, 4] 8
[4096, 4096] [512, 512, 1] [8, 8] 1
[512, 512, 1] [16, 2, 16] 2
[512, 512, 1] [16, 2, 16] 2
[512, 512, 1] [16, 2, 16] 2
[512, 512, 1] [16, 2, 16] 2
[512, 512, 1] [16, 2, 16] 2
[512, 512, 1] [16, 2, 16] 2
[512, 512, 1] [16, 2, 16] 2
[512, 512, 1] [16, 2, 16] 2
[512, 512, 1] [16, 2, 16] 2
[512, 512, 1] [16, 2, 16] 2
[512, 512, 1] [16, 2, 16] 2
[512, 512, 1] [16, 2, 16] 2
[512, 512, 1] [16, 2, 16] 2
[512, 512, 1] [16, 2, 16] 2
[512, 512, 1] [16, 2, 16] 2
[512, 512, 1] [16, 2, 16] 2
[512, 512, 1] [16, 16, 2] 16
[512, 512, 1] [16, 16, 2] 16
[512, 512, 1] [16, 16, 2] 16
[512, 512, 1] [16, 16, 2] 16
[512, 512, 1] [16, 16, 2] 16
[512, 512, 1] [16, 16, 2] 16
[512, 512, 1] [16, 16, 2] 16
[512, 512, 1] [16, 16, 2] 16
[512, 512, 1] [16, 16, 2] 16
[512, 512, 1] [16, 16, 2] 16
[512, 512, 1] [16, 16, 2] 16
[512, 512, 1] [16, 16, 2] 16
[512, 512, 1] [16, 16, 2] 16
[512, 512, 1] [16, 16, 2] 16
[512, 512, 1] [16, 16, 2] 16
[512, 512, 1] [16, 16, 2] 16
[4096, 4096] [512, 512, 1] [8, 8] 0
[512, 512, 1] [16, 2, 16] 2
[512, 512, 1] [16, 2, 16] 2
[512, 512, 1] [16, 2, 16] 2
[512, 512, 1] [16, 2, 16] 2
[512, 512, 1] [16, 2, 16] 2
[512, 512, 1] [16, 2, 16] 2
[512, 512, 1] [16, 2, 16] 2
[512, 512, 1] [16, 2, 16] 2
[512, 512, 1] [16, 2, 16] 2
[512, 512, 1] [16, 2, 16] 2
[512, 512, 1] [16, 2, 16] 2
[512, 512, 1] [16, 2, 16] 2
[512, 512, 1] [16, 2, 16] 2
[512, 512, 1] [16, 2, 16] 2
[512, 512, 1] [16, 2, 16] 2
[512, 512, 1] [16, 2, 16] 2
[512, 512, 1] [16, 16, 2] 16
[512, 512, 1] [16, 16, 2] 16
[512, 512, 1] [16, 16, 2] 16
[512, 512, 1] [16, 16, 2] 16
[512, 512, 1] [16, 16, 2] 16
[512, 512, 1] [16, 16, 2] 16
[512, 512, 1] [16, 16, 2] 16
[512, 512, 1] [16, 16, 2] 16
[512, 512, 1] [16, 16, 2] 16
[512, 512, 1] [16, 16, 2] 16
[512, 512, 1] [16, 16, 2] 16
[512, 512, 1] [16, 16, 2] 16
[512, 512, 1] [16, 16, 2] 16
[512, 512, 1] [16, 16, 2] 16
[512, 512, 1] [16, 16, 2] 16
[512, 512, 1] [16, 16, 2] 16
[4096, 4096] [512, 1024, 1] [8, 4] 1
[512, 1024, 1] [16, 4, 16] 4
[512, 1024, 1] [16, 4, 16] 4
[512, 1024, 1] [16, 4, 16] 4
[512, 1024, 1] [16, 4, 16] 4
[512, 1024, 1] [16, 4, 16] 4
[512, 1024, 1] [16, 4, 16] 4
[512, 1024, 1] [16, 4, 16] 4
[512, 1024, 1] [16, 4, 16] 4
[512, 1024, 1] [16, 4, 16] 4
[512, 1024, 1] [16, 4, 16] 4
[512, 1024, 1] [16, 4, 16] 4
[512, 1024, 1] [16, 4, 16] 4
[512, 1024, 1] [16, 4, 16] 4
[512, 1024, 1] [16, 4, 16] 4
[512, 1024, 1] [16, 4, 16] 4
[512, 1024, 1] [16, 4, 16] 4
[512, 1024, 1] [16, 16, 4] 16
[512, 1024, 1] [16, 16, 4] 16
[512, 1024, 1] [16, 16, 4] 16
[512, 1024, 1] [16, 16, 4] 16
[512, 1024, 1] [16, 16, 4] 16
[512, 1024, 1] [16, 16, 4] 16
[512, 1024, 1] [16, 16, 4] 16
[512, 1024, 1] [16, 16, 4] 16
[512, 1024, 1] [16, 16, 4] 16
[512, 1024, 1] [16, 16, 4] 16
[512, 1024, 1] [16, 16, 4] 16
[512, 1024, 1] [16, 16, 4] 16
[512, 1024, 1] [16, 16, 4] 16
[512, 1024, 1] [16, 16, 4] 16
[512, 1024, 1] [16, 16, 4] 16
[512, 1024, 1] [16, 16, 4] 16
[4096, 4096] [512, 1024, 1] [8, 4] 0
[512, 1024, 1] [16, 2, 16] 2
[512, 1024, 1] [16, 2, 16] 2
[512, 1024, 1] [16, 2, 16] 2
[512, 1024, 1] [16, 2, 16] 2
[512, 1024, 1] [16, 2, 16] 2
[512, 1024, 1] [16, 2, 16] 2
[512, 1024, 1] [16, 2, 16] 2
[512, 1024, 1] [16, 2, 16] 2
[512, 1024, 1] [16, 2, 16] 2
[512, 1024, 1] [16, 2, 16] 2
[512, 1024, 1] [16, 2, 16] 2
[512, 1024, 1] [16, 2, 16] 2
[512, 1024, 1] [16, 2, 16] 2
[512, 1024, 1] [16, 2, 16] 2
[512, 1024, 1] [16, 2, 16] 2
[512, 1024, 1] [16, 2, 16] 2
[512, 1024, 1] [16, 16, 2] 16
[512, 1024, 1] [16, 16, 2] 16
[512, 1024, 1] [16, 16, 2] 16
[512, 1024, 1] [16, 16, 2] 16
[512, 1024, 1] [16, 16, 2] 16
[512, 1024, 1] [16, 16, 2] 16
[512, 1024, 1] [16, 16, 2] 16
[512, 1024, 1] [16, 16, 2] 16
[512, 1024, 1] [16, 16, 2] 16
[512, 1024, 1] [16, 16, 2] 16
[512, 1024, 1] [16, 16, 2] 16
[512, 1024, 1] [16, 16, 2] 16
[512, 1024, 1] [16, 16, 2] 16
[512, 1024, 1] [16, 16, 2] 16
[512, 1024, 1] [16, 16, 2] 16
[512, 1024, 1] [16, 16, 2] 16
[4096, 4096] [1024, 1024, 1] [4, 4] 1
[1024, 1024, 1] [16, 4, 16] 4
[1024, 1024, 1] [16, 4, 16] 4
[1024, 1024, 1] [16, 4, 16] 4
[1024, 1024, 1] [16, 4, 16] 4
[1024, 1024, 1] [16, 4, 16] 4
[1024, 1024, 1] [16, 4, 16] 4
[1024, 1024, 1] [16, 4, 16] 4
[1024, 1024, 1] [16, 4, 16] 4
[1024, 1024, 1] [16, 4, 16] 4
[1024, 1024, 1] [16, 4, 16] 4
[1024, 1024, 1] [16, 4, 16] 4
[1024, 1024, 1] [16, 4, 16] 4
[1024, 1024, 1] [16, 4, 16] 4
[1024, 1024, 1] [16, 4, 16] 4
[1024, 1024, 1] [16, 4, 16] 4
[1024, 1024, 1] [16, 4, 16] 4
[1024, 1024, 1] [16, 16, 4] 16
[1024, 1024, 1] [16, 16, 4] 16
[1024, 1024, 1] [16, 16, 4] 16
[1024, 1024, 1] [16, 16, 4] 16
[1024, 1024, 1] [16, 16, 4] 16
[1024, 1024, 1] [16, 16, 4] 16
[1024, 1024, 1] [16, 16, 4] 16
[1024, 1024, 1] [16, 16, 4] 16
[1024, 1024, 1] [16, 16, 4] 16
[1024, 1024, 1] [16, 16, 4] 16
[1024, 1024, 1] [16, 16, 4] 16
[1024, 1024, 1] [16, 16, 4] 16
[1024, 1024, 1] [16, 16, 4] 16
[1024, 1024, 1] [16, 16, 4] 16
[1024, 1024, 1] [16, 16, 4] 16
[1024, 1024, 1] [16, 16, 4] 16
[4096, 4096] [1024, 1024, 1] [4, 4] 0
[1024, 1024, 1] [16, 4, 16] 4
[1024, 1024, 1] [16, 4, 16] 4
[1024, 1024, 1] [16, 4, 16] 4
[1024, 1024, 1] [16, 4, 16] 4
[1024, 1024, 1] [16, 4, 16] 4
[1024, 1024, 1] [16, 4, 16] 4
[1024, 1024, 1] [16, 4, 16] 4
[1024, 1024, 1] [16, 4, 16] 4
[1024, 1024, 1] [16, 4, 16] 4
[1024, 1024, 1] [16, 4, 16] 4
[1024, 1024, 1] [16, 4, 16] 4
[1024, 1024, 1] [16, 4, 16] 4
[1024, 1024, 1] [16, 4, 16] 4
[1024, 1024, 1] [16, 4, 16] 4
[1024, 1024, 1] [16, 4, 16] 4
[1024, 1024, 1] [16, 4, 16] 4
[1024, 1024, 1] [16, 16, 4] 16
[1024, 1024, 1] [16, 16, 4] 16
[1024, 1024, 1] [16, 16, 4] 16
[1024, 1024, 1] [16, 16, 4] 16
[1024, 1024, 1] [16, 16, 4] 16
[1024, 1024, 1] [16, 16, 4] 16
[1024, 1024, 1] [16, 16, 4] 16
[1024, 1024, 1] [16, 16, 4] 16
[1024, 1024, 1] [16, 16, 4] 16
[1024, 1024, 1] [16, 16, 4] 16
[1024, 1024, 1] [16, 16, 4] 16
[1024, 1024, 1] [16, 16, 4] 16
[1024, 1024, 1] [16, 16, 4] 16
[1024, 1024, 1] [16, 16, 4] 16
[1024, 1024, 1] [16, 16, 4] 16
[1024, 1024, 1] [16, 16, 4] 16
[8192, 4096] [2048, 1024, 1] [4, 4] 1
[2048, 1024, 1] [32, 32] 32
[2048, 1024, 1] [32, 32] 32
[2048, 1024, 1] [32, 32] 32
[2048, 1024, 1] [32, 32] 32
[2048, 1024, 1] [32, 32] 32
[2048, 1024, 1] [32, 32] 32
[2048, 1024, 1] [32, 32] 32
[2048, 1024, 1] [32, 32] 32
[2048, 1024, 1] [32, 32] 32
[2048, 1024, 1] [32, 32] 32
[2048, 1024, 1] [32, 32] 32
[2048, 1024, 1] [32, 32] 32
[2048, 1024, 1] [32, 32] 32
[2048, 1024, 1] [32, 32] 32
[2048, 1024, 1] [32, 32] 32
[2048, 1024, 1] [32, 32] 32
[2048, 1024, 1] [32, 32] 32
[2048, 1024, 1] [32, 32] 32
[2048, 1024, 1] [32, 32] 32
[2048, 1024, 1] [32, 32] 32
[2048, 1024, 1] [32, 32] 32
[2048, 1024, 1] [32, 32] 32
[2048, 1024, 1] [32, 32] 32
[2048, 1024, 1] [32, 32] 32
[2048, 1024, 1] [32, 32] 32
[2048, 1024, 1] [32, 32] 32
[2048, 1024, 1] [32, 32] 32
[2048, 1024, 1] [32, 32] 32
[2048, 1024, 1] [32, 32] 32
[2048, 1024, 1] [32, 32] 32
[2048, 1024, 1] [32, 32] 32
[2048, 1024, 1] [32, 32] 32
[8192, 4096] [2048, 1024, 1] [4, 4] 0
[2048, 1024, 1] [32, 2, 32] 2
[2048, 1024, 1] [32, 2, 32] 2
[2048, 1024, 1] [32, 2, 32] 2
[2048, 1024, 1] [32, 2, 32] 2
[2048, 1024, 1] [32, 2, 32] 2
[2048, 1024, 1] [32, 2, 32] 2
[2048, 1024, 1] [32, 2, 32] 2
[2048, 1024, 1] [32, 2, 32] 2
[2048, 1024, 1] [32, 2, 32] 2
[2048, 1024, 1] [32, 2, 32] 2
[2048, 1024, 1] [32, 2, 32] 2
[2048, 1024, 1] [32, 2, 32] 2
[2048, 1024, 1] [32, 2, 32] 2
[2048, 1024, 1] [32, 2, 32] 2
[2048, 1024, 1] [32, 2, 32] 2
[2048, 1024, 1] [32, 2, 32] 2
[2048, 1024, 1] [32, 2, 32] 2
[2048, 1024, 1] [32, 2, 32] 2
[2048, 1024, 1] [32, 2, 32] 2
[2048, 1024, 1] [32, 2, 32] 2
[2048, 1024, 1] [32, 2, 32] 2
[2048, 1024, 1] [32, 2, 32] 2
[2048, 1024, 1] [32, 2, 32] 2
[2048, 1024, 1] [32, 2, 32] 2
[2048, 1024, 1] [32, 2, 32] 2
[2048, 1024, 1] [32, 2, 32] 2
[2048, 1024, 1] [32, 2, 32] 2
[2048, 1024, 1] [32, 2, 32] 2
[2048, 1024, 1] [32, 2, 32] 2
[2048, 1024, 1] [32, 2, 32] 2
[2048, 1024, 1] [32, 2, 32] 2
[2048, 1024, 1] [32, 2, 32] 2
[2048, 1024, 1] [32, 32, 2] 32
[2048, 1024, 1] [32, 32, 2] 32
[2048, 1024, 1] [32, 32, 2] 32
[2048, 1024, 1] [32, 32, 2] 32
[2048, 1024, 1] [32, 32, 2] 32
[2048, 1024, 1] [32, 32, 2] 32
[2048, 1024, 1] [32, 32, 2] 32
[2048, 1024, 1] [32, 32, 2] 32
[2048, 1024, 1] [32, 32, 2] 32
[2048, 1024, 1] [32, 32, 2] 32
[2048, 1024, 1] [32, 32, 2] 32
[2048, 1024, 1] [32, 32, 2] 32
[2048, 1024, 1] [32, 32, 2] 32
[2048, 1024, 1] [32, 32, 2] 32
[2048, 1024, 1] [32, 32, 2] 32
[2048, 1024, 1] [32, 32, 2] 32
[2048, 1024, 1] [32, 32, 2] 32
[2048, 1024, 1] [32, 32, 2] 32
[2048, 1024, 1] [32, 32, 2] 32
[2048, 1024, 1] [32, 32, 2] 32
[2048, 1024, 1] [32, 32, 2] 32
[2048, 1024, 1] [32, 32, 2] 32
[2048, 1024, 1] [32, 32, 2] 32
[2048, 1024, 1] [32, 32, 2] 32
[2048, 1024, 1] [32, 32, 2] 32
[2048, 1024, 1] [32, 32, 2] 32
[2048, 1024, 1] [32, 32, 2] 32
[2048, 1024, 1] [32, 32, 2] 32
[2048, 1024, 1] [32, 32, 2] 32
[2048, 1024, 1] [32, 32, 2] 32
[2048, 1024, 1] [32, 32, 2] 32
[2048, 1024, 1] [32, 32, 2] 32
[8192, 8192] [2048, 2048, 1] [4, 4] 1
[2048, 2048, 1] [32, 2, 32] 2
[2048, 2048, 1] [32, 2, 32] 2
[2048, 2048, 1] [32, 2, 32] 2
[2048, 2048, 1] [32, 2, 32] 2
[2048, 2048, 1] [32, 2, 32] 2
[2048, 2048, 1] [32, 2, 32] 2
[2048, 2048, 1] [32, 2, 32] 2
[2048, 2048, 1] [32, 2, 32] 2
[2048, 2048, 1] [32, 2, 32] 2
[2048, 2048, 1] [32, 2, 32] 2
[2048, 2048, 1] [32, 2, 32] 2
[2048, 2048, 1] [32, 2, 32] 2
[2048, 2048, 1] [32, 2, 32] 2
[2048, 2048, 1] [32, 2, 32] 2
[2048, 2048, 1] [32, 2, 32] 2
[2048, 2048, 1] [32, 2, 32] 2
[2048, 2048, 1] [32, 2, 32] 2
[2048, 2048, 1] [32, 2, 32] 2
[2048, 2048, 1] [32, 2, 32] 2
[2048, 2048, 1] [32, 2, 32] 2
[2048, 2048, 1] [32, 2, 32] 2
[2048, 2048, 1] [32, 2, 32] 2
[2048, 2048, 1] [32, 2, 32] 2
[2048, 2048, 1] [32, 2, 32] 2
[2048, 2048, 1] [32, 2, 32] 2
[2048, 2048, 1] [32, 2, 32] 2
[2048, 2048, 1] [32, 2, 32] 2
[2048, 2048, 1] [32, 2, 32] 2
[2048, 2048, 1] [32, 2, 32] 2
[2048, 2048, 1] [32, 2, 32] 2
[2048, 2048, 1] [32, 2, 32] 2
[2048, 2048, 1] [32, 2, 32] 2
[2048, 2048, 1] [32, 32, 2] 32
[2048, 2048, 1] [32, 32, 2] 32
[2048, 2048, 1] [32, 32, 2] 32
[2048, 2048, 1] [32, 32, 2] 32
[2048, 2048, 1] [32, 32, 2] 32
[2048, 2048, 1] [32, 32, 2] 32
[2048, 2048, 1] [32, 32, 2] 32
[2048, 2048, 1] [32, 32, 2] 32
[2048, 2048, 1] [32, 32, 2] 32
[2048, 2048, 1] [32, 32, 2] 32
[2048, 2048, 1] [32, 32, 2] 32
[2048, 2048, 1] [32, 32, 2] 32
[2048, 2048, 1] [32, 32, 2] 32
[2048, 2048, 1] [32, 32, 2] 32
[2048, 2048, 1] [32, 32, 2] 32
[2048, 2048, 1] [32, 32, 2] 32
[2048, 2048, 1] [32, 32, 2] 32
[2048, 2048, 1] [32, 32, 2] 32
[2048, 2048, 1] [32, 32, 2] 32
[2048, 2048, 1] [32, 32, 2] 32
[2048, 2048, 1] [32, 32, 2] 32
[2048, 2048, 1] [32, 32, 2] 32
[2048, 2048, 1] [32, 32, 2] 32
[2048, 2048, 1] [32, 32, 2] 32
[2048, 2048, 1] [32, 32, 2] 32
[2048, 2048, 1] [32, 32, 2] 32
[2048, 2048, 1] [32, 32, 2] 32
[2048, 2048, 1] [32, 32, 2] 32
[2048, 2048, 1] [32, 32, 2] 32
[2048, 2048, 1] [32, 32, 2] 32
[2048, 2048, 1] [32, 32, 2] 32
[2048, 2048, 1] [32, 32, 2] 32
[8192, 8192] [2048, 2048, 1] [4, 4] 0
[2048, 2048, 1] [32, 2, 32] 2
[2048, 2048, 1] [32, 2, 32] 2
[2048, 2048, 1] [32, 2, 32] 2
[2048, 2048, 1] [32, 2, 32] 2
[2048, 2048, 1] [32, 2, 32] 2
[2048, 2048, 1] [32, 2, 32] 2
[2048, 2048, 1] [32, 2, 32] 2
[2048, 2048, 1] [32, 2, 32] 2
[2048, 2048, 1] [32, 2, 32] 2
[2048, 2048, 1] [32, 2, 32] 2
[2048, 2048, 1] [32, 2, 32] 2
[2048, 2048, 1] [32, 2, 32] 2
[2048, 2048, 1] [32, 2, 32] 2
[2048, 2048, 1] [32, 2, 32] 2
[2048, 2048, 1] [32, 2, 32] 2
[2048, 2048, 1] [32, 2, 32] 2
[2048, 2048, 1] [32, 2, 32] 2
[2048, 2048, 1] [32, 2, 32] 2
[2048, 2048, 1] [32, 2, 32] 2
[2048, 2048, 1] [32, 2, 32] 2
[2048, 2048, 1] [32, 2, 32] 2
[2048, 2048, 1] [32, 2, 32] 2
[2048, 2048, 1] [32, 2, 32] 2
[2048, 2048, 1] [32, 2, 32] 2
[2048, 2048, 1] [32, 2, 32] 2
[2048, 2048, 1] [32, 2, 32] 2
[2048, 2048, 1] [32, 2, 32] 2
[2048, 2048, 1] [32, 2, 32] 2
[2048, 2048, 1] [32, 2, 32] 2
[2048, 2048, 1] [32, 2, 32] 2
[2048, 2048, 1] [32, 2, 32] 2
[2048, 2048, 1] [32, 2, 32] 2
[2048, 2048, 1] [32, 32, 2] 32
[2048, 2048, 1] [32, 32, 2] 32
[2048, 2048, 1] [32, 32, 2] 32
[2048, 2048, 1] [32, 32, 2] 32
[2048, 2048, 1] [32, 32, 2] 32
[2048, 2048, 1] [32, 32, 2] 32
[2048, 2048, 1] [32, 32, 2] 32
[2048, 2048, 1] [32, 32, 2] 32
[2048, 2048, 1] [32, 32, 2] 32
[2048, 2048, 1] [32, 32, 2] 32
[2048, 2048, 1] [32, 32, 2] 32
[2048, 2048, 1] [32, 32, 2] 32
[2048, 2048, 1] [32, 32, 2] 32
[2048, 2048, 1] [32, 32, 2] 32
[2048, 2048, 1] [32, 32, 2] 32
[2048, 2048, 1] [32, 32, 2] 32
[2048, 2048, 1] [32, 32, 2] 32
[2048, 2048, 1] [32, 32, 2] 32
[2048, 2048, 1] [32, 32, 2] 32
[2048, 2048, 1] [32, 32, 2] 32
[2048, 2048, 1] [32, 32, 2] 32
[2048, 2048, 1] [32, 32, 2] 32
[2048, 2048, 1] [32, 32, 2] 32
[2048, 2048, 1] [32, 32, 2] 32
[2048, 2048, 1] [32, 32, 2] 32
[2048, 2048, 1] [32, 32, 2] 32
[2048, 2048, 1] [32, 32, 2] 32
[2048, 2048, 1] [32, 32, 2] 32
[2048, 2048, 1] [32, 32, 2] 32
[2048, 2048, 1] [32, 32, 2] 32
[2048, 2048, 1] [32, 32, 2] 32
[2048, 2048, 1] [32, 32, 2] 32
[4096, 4096, 2048] [512, 64, 256, 1] [8, 64, 8] 2
[512, 64, 256, 1] [8, 4, 8] 4
[512, 64, 256, 1] [8, 4, 8] 4
[512, 64, 256, 1] [8, 4, 8] 4
[512, 64, 256, 1] [8, 4, 8] 4
[512, 64, 256, 1] [8, 4, 8] 4
[512, 64, 256, 1] [8, 4, 8] 4
[512, 64, 256, 1] [8, 4, 8] 4
[512, 64, 256, 1] [8, 4, 8] 4
[512, 64, 256, 1] [8, 8, 4] 8
[512, 64, 256, 1] [8, 8, 4] 8
[512, 64, 256, 1] [8, 8, 4] 8
[512, 64, 256, 1] [8, 8, 4] 8
[512, 64, 256, 1] [8, 8, 4] 8
[512, 64, 256, 1] [8, 8, 4] 8
[512, 64, 256, 1] [8, 8, 4] 8
[512, 64, 256, 1] [8, 8, 4] 8
[4096, 4096, 2048] [512, 64, 256, 1] [8, 64, 8] 1
[512, 64, 256, 1] [8, 8] 8
[512, 64, 256, 1] [8, 8] 8
[512, 64, 256, 1] [8, 8] 8
[512, 64, 256, 1] [8, 8] 8
[512, 64, 256, 1] [8, 8] 8
[512, 64, 256, 1] [8, 8] 8
[512, 64, 256, 1] [8, 8] 8
[512, 64, 256, 1] [8, 8] 8
[4096, 4096, 2048] [512, 64, 256, 1] [8, 64, 8] 0
[512, 64, 256, 1] [8, 8, 8] 8
[512, 64, 256, 1] [8, 8, 8] 8
[512, 64, 256, 1] [8, 8, 8] 8
[512, 64, 256, 1] [8, 8, 8] 8
[512, 64, 256, 1] [8, 8, 8] 8
[512, 64, 256, 1] [8, 8, 8] 8
[512, 64, 256, 1] [8, 8, 8] 8
[512, 64, 256, 1] [8, 8, 8] 8
[512, 64, 256, 1] [8, 8, 8] 8
[512, 64, 256, 1] [8, 8, 8] 8
[512, 64, 256, 1] [8, 8, 8] 8
[512, 64, 256, 1] [8, 8, 8] 8
[512, 64, 256, 1] [8, 8, 8] 8
[512, 64, 256, 1] [8, 8, 8] 8
[512, 64, 256, 1] [8, 8, 8] 8
[512, 64, 256, 1] [8, 8, 8] 8
[4096, 4096, 4096] [512, 64, 512, 1] [8, 64, 8] 2
[512, 64, 512, 1] [8, 8, 8] 8
[512, 64, 512, 1] [8, 8, 8] 8
[512, 64, 512, 1] [8, 8, 8] 8
[512, 64, 512, 1] [8, 8, 8] 8
[512, 64, 512, 1] [8, 8, 8] 8
[512, 64, 512, 1] [8, 8, 8] 8
[512, 64, 512, 1] [8, 8, 8] 8
[512, 64, 512, 1] [8, 8, 8] 8
[512, 64, 512, 1] [8, 8, 8] 8
[512, 64, 512, 1] [8, 8, 8] 8
[512, 64, 512, 1] [8, 8, 8] 8
[512, 64, 512, 1] [8, 8, 8] 8
[512, 64, 512, 1] [8, 8, 8] 8
[512, 64, 512, 1] [8, 8, 8] 8
[512, 64, 512, 1] [8, 8, 8] 8
[512, 64, 512, 1] [8, 8, 8] 8
[4096, 4096, 4096] [512, 64, 512, 1] [8, 64, 8] 1
[512, 64, 512, 1] [8, 8] 8
[512, 64, 512, 1] [8, 8] 8
[512, 64, 512, 1] [8, 8] 8
[512, 64, 512, 1] [8, 8] 8
[512, 64, 512, 1] [8, 8] 8
[512, 64, 512, 1] [8, 8] 8
[512, 64, 512, 1] [8, 8] 8
[512, 64, 512, 1] [8, 8] 8
[4096, 4096, 4096] [512, 64, 512, 1] [8, 64, 8] 0
[512, 64, 512, 1] [8, 8, 8] 8
[512, 64, 512, 1] [8, 8, 8] 8
[512, 64, 512, 1] [8, 8, 8] 8
[512, 64, 512, 1] [8, 8, 8] 8
[512, 64, 512, 1] [8, 8, 8] 8
[512, 64, 512, 1] [8, 8, 8] 8
[512, 64, 512, 1] [8, 8, 8] 8
[512, 64, 512, 1] [8, 8, 8] 8
[512, 64, 512, 1] [8, 8, 8] 8
[512, 64, 512, 1] [8, 8, 8] 8
[512, 64, 512, 1] [8, 8, 8] 8
[512, 64, 512, 1] [8, 8, 8] 8
[512, 64, 512, 1] [8, 8, 8] 8
[512, 64, 512, 1] [8, 8, 8] 8
[512, 64, 512, 1] [8, 8, 8] 8
[512, 64, 512, 1] [8, 8, 8] 8
[2048, 2048, 4096] [256, 256, 512, 1] [8, 8, 8] 2
[256, 256, 512, 1] [16, 2, 16] 2
[256, 256, 512, 1] [16, 2, 16] 2
[256, 256, 512, 1] [16, 2, 16] 2
[256, 256, 512, 1] [16, 2, 16] 2
[256, 256, 512, 1] [16, 2, 16] 2
[256, 256, 512, 1] [16, 2, 16] 2
[256, 256, 512, 1] [16, 2, 16] 2
[256, 256, 512, 1] [16, 2, 16] 2
[256, 256, 512, 1] [16, 2, 16] 2
[256, 256, 512, 1] [16, 2, 16] 2
[256, 256, 512, 1] [16, 2, 16] 2
[256, 256, 512, 1] [16, 2, 16] 2
[256, 256, 512, 1] [16, 2, 16] 2
[256, 256, 512, 1] [16, 2, 16] 2
[256, 256, 512, 1] [16, 2, 16] 2
[256, 256, 512, 1] [16, 2, 16] 2
[256, 256, 512, 1] [16, 16, 2] 16
[256, 256, 512, 1] [16, 16, 2] 16
[256, 256, 512, 1] [16, 16, 2] 16
[256, 256, 512, 1] [16, 16, 2] 16
[256, 256, 512, 1] [16, 16, 2] 16
[256, 256, 512, 1] [16, 16, 2] 16
[256, 256, 512, 1] [16, 16, 2] 16
[256, 256, 512, 1] [16, 16, 2] 16
[256, 256, 512, 1] [16, 16, 2] 16
[256, 256, 512, 1] [16, 16, 2] 16
[256, 256, 512, 1] [16, 16, 2] 16
[256, 256, 512, 1] [16, 16, 2] 16
[256, 256, 512, 1] [16, 16, 2] 16
[256, 256, 512, 1] [16, 16, 2] 16
[256, 256, 512, 1] [16, 16, 2] 16
[256, 256, 512, 1] [16, 16, 2] 16
[2048, 2048, 4096] [256, 256, 512, 1] [8, 8, 8] 1
[256, 256, 512, 1] [16, 16] 16
[256, 256, 512, 1] [16, 16] 16
[256, 256, 512, 1] [16, 16] 16
[256, 256, 512, 1] [16, 16] 16
[256, 256, 512, 1] [16, 16] 16
[256, 256, 512, 1] [16, 16] 16
[256, 256, 512, 1] [16, 16] 16
[256, 256, 512, 1] [16, 16] 16
[256, 256, 512, 1] [16, 16] 16
[256, 256, 512, 1] [16, 16] 16
[256, 256, 512, 1] [16, 16] 16
[256, 256, 512, 1] [16, 16] 16
[256, 256, 512, 1] [16, 16] 16
[256, 256, 512, 1] [16, 16] 16
[256, 256, 512, 1] [16, 16] 16
[256, 256, 512, 1] [16, 16] 16
[2048, 2048, 4096] [256, 256, 512, 1] [8, 8, 8] 0
[256, 256, 512, 1] [16, 16] 16
[256, 256, 512, 1] [16, 16] 16
[256, 256, 512, 1] [16, 16] 16
[256, 256, 512, 1] [16, 16] 16
[256, 256, 512, 1] [16, 16] 16
[256, 256, 512, 1] [16, 16] 16
[256, 256, 512, 1] [16, 16] 16
[256, 256, 512, 1] [16, 16] 16
[256, 256, 512, 1] [16, 16] 16
[256, 256, 512, 1] [16, 16] 16
[256, 256, 512, 1] [16, 16] 16
[256, 256, 512, 1] [16, 16] 16
[256, 256, 512, 1] [16, 16] 16
[256, 256, 512, 1] [16, 16] 16
[256, 256, 512, 1] [16, 16] 16
[256, 256, 512, 1] [16, 16] 16
[8192, 8192, 8192] [512, 256, 512, 1] [16, 32, 16] 2
[512, 256, 512, 1] [16, 2, 16] 2
[512, 256, 512, 1] [16, 2, 16] 2
[512, 256, 512, 1] [16, 2, 16] 2
[512, 256, 512, 1] [16, 2, 16] 2
[512, 256, 512, 1] [16, 2, 16] 2
[512, 256, 512, 1] [16, 2, 16] 2
[512, 256, 512, 1] [16, 2, 16] 2
[512, 256, 512, 1] [16, 2, 16] 2
[512, 256, 512, 1] [16, 2, 16] 2
[512, 256, 512, 1] [16, 2, 16] 2
[512, 256, 512, 1] [16, 2, 16] 2
[512, 256, 512, 1] [16, 2, 16] 2
[512, 256, 512, 1] [16, 2, 16] 2
[512, 256, 512, 1] [16, 2, 16] 2
[512, 256, 512, 1] [16, 2, 16] 2
[512, 256, 512, 1] [16, 2, 16] 2
[512, 256, 512, 1] [16, 16, 2] 16
[512, 256, 512, 1] [16, 16, 2] 16
[512, 256, 512, 1] [16, 16, 2] 16
[512, 256, 512, 1] [16, 16, 2] 16
[512, 256, 512, 1] [16, 16, 2] 16
[512, 256, 512, 1] [16, 16, 2] 16
[512, 256, 512, 1] [16, 16, 2] 16
[512, 256, 512, 1] [16, 16, 2] 16
[512, 256, 512, 1] [16, 16, 2] 16
[512, 256, 512, 1] [16, 16, 2] 16
[512, 256, 512, 1] [16, 16, 2] 16
[512, 256, 512, 1] [16, 16, 2] 16
[512, 256, 512, 1] [16, 16, 2] 16
[512, 256, 512, 1] [16, 16, 2] 16
[512, 256, 512, 1] [16, 16, 2] 16
[512, 256, 512, 1] [16, 16, 2] 16
[8192, 8192, 8192] [512, 256, 512, 1] [16, 32, 16] 1
[512, 256, 512, 1] [16, 16] 16
[512, 256, 512, 1] [16, 16] 16
[512, 256, 512, 1] [16, 16] 16
[512, 256, 512, 1] [16, 16] 16
[512, 256, 512, 1] [16, 16] 16
[512, 256, 512, 1] [16, 16] 16
[512, 256, 512, 1] [16, 16] 16
[512, 256, 512, 1] [16, 16] 16
[512, 256, 512, 1] [16, 16] 16
[512, 256, 512, 1] [16, 16] 16
[512, 256, 512, 1] [16, 16] 16
[512, 256, 512, 1] [16, 16] 16
[512, 256, 512, 1] [16, 16] 16
[512, 256, 512, 1] [16, 16] 16
[512, 256, 512, 1] [16, 16] 16
[512, 256, 512, 1] [16, 16] 16
[8192, 8192, 8192] [512, 256, 512, 1] [16, 32, 16] 0
[512, 256, 512, 1] [16, 2, 16] 2
[512, 256, 512, 1] [16, 2, 16] 2
[512, 256, 512, 1] [16, 2, 16] 2
[512, 256, 512, 1] [16, 2, 16] 2
[512, 256, 512, 1] [16, 2, 16] 2
[512, 256, 512, 1] [16, 2, 16] 2
[512, 256, 512, 1] [16, 2, 16] 2
[512, 256, 512, 1] [16, 2, 16] 2
[512, 256, 512, 1] [16, 2, 16] 2
[512, 256, 512, 1] [16, 2, 16] 2
[512, 256, 512, 1] [16, 2, 16] 2
[512, 256, 512, 1] [16, 2, 16] 2
[512, 256, 512, 1] [16, 2, 16] 2
[512, 256, 512, 1] [16, 2, 16] 2
[512, 256, 512, 1] [16, 2, 16] 2
[512, 256, 512, 1] [16, 2, 16] 2
[512, 256, 512, 1] [16, 16, 2] 16
[512, 256, 512, 1] [16, 16, 2] 16
[512, 256, 512, 1] [16, 16, 2] 16
[512, 256, 512, 1] [16, 16, 2] 16
[512, 256, 512, 1] [16, 16, 2] 16
[512, 256, 512, 1] [16, 16, 2] 16
[512, 256, 512, 1] [16, 16, 2] 16
[512, 256, 512, 1] [16, 16, 2] 16
[512, 256, 512, 1] [16, 16, 2] 16
[512, 256, 512, 1] [16, 16, 2] 16
[512, 256, 512, 1] [16, 16, 2] 16
[512, 256, 512, 1] [16, 16, 2] 16
[512, 256, 512, 1] [16, 16, 2] 16
[512, 256, 512, 1] [16, 16, 2] 16
[512, 256, 512, 1] [16, 16, 2] 16
[512, 256, 512, 1] [16, 16, 2] 16
[8192, 8192, 8192] [512, 512, 512, 1] [16, 16, 16] 2
[512, 512, 512, 1] [16, 2, 16] 2
[512, 512, 512, 1] [16, 2, 16] 2
[512, 512, 512, 1] [16, 2, 16] 2
[512, 512, 512, 1] [16, 2, 16] 2
[512, 512, 512, 1] [16, 2, 16] 2
[512, 512, 512, 1] [16, 2, 16] 2
[512, 512, 512, 1] [16, 2, 16] 2
[512, 512, 512, 1] [16, 2, 16] 2
[512, 512, 512, 1] [16, 2, 16] 2
[512, 512, 512, 1] [16, 2, 16] 2
[512, 512, 512, 1] [16, 2, 16] 2
[512, 512, 512, 1] [16, 2, 16] 2
[512, 512, 512, 1] [16, 2, 16] 2
[512, 512, 512, 1] [16, 2, 16] 2
[512, 512, 512, 1] [16, 2, 16] 2
[512, 512, 512, 1] [16, 2, 16] 2
[512, 512, 512, 1] [16, 16, 2] 16
[512, 512, 512, 1] [16, 16, 2] 16
[512, 512, 512, 1] [16, 16, 2] 16
[512, 512, 512, 1] [16, 16, 2] 16
[512, 512, 512, 1] [16, 16, 2] 16
[512, 512, 512, 1] [16, 16, 2] 16
[512, 512, 512, 1] [16, 16, 2] 16
[512, 512, 512, 1] [16, 16, 2] 16
[512, 512, 512, 1] [16, 16, 2] 16
[512, 512, 512, 1] [16, 16, 2] 16
[512, 512, 512, 1] [16, 16, 2] 16
[512, 512, 512, 1] [16, 16, 2] 16
[512, 512, 512, 1] [16, 16, 2] 16
[512, 512, 512, 1] [16, 16, 2] 16
[512, 512, 512, 1] [16, 16, 2] 16
[512, 512, 512, 1] [16, 16, 2] 16
[8192, 8192, 8192] [512, 512, 512, 1] [16, 16, 16] 1
[512, 512, 512, 1] [16, 2, 16] 2
[512, 512, 512, 1] [16, 2, 16] 2
[512, 512, 512, 1] [16, 2, 16] 2
[512, 512, 512, 1] [16, 2, 16] 2
[512, 512, 512, 1] [16, 2, 16] 2
[512, 512, 512, 1] [16, 2, 16] 2
[512, 512, 512, 1] [16, 2, 16] 2
[512, 512, 512, 1] [16, 2, 16] 2
[512, 512, 512, 1] [16, 2, 16] 2
[512, 512, 512, 1] [16, 2, 16] 2
[512, 512, 512, 1] [16, 2, 16] 2
[512, 512, 512, 1] [16, 2, 16] 2
[512, 512, 512, 1] [16, 2, 16] 2
[512, 512, 512, 1] [16, 2, 16] 2
[512, 512, 512, 1] [16, 2, 16] 2
[512, 512, 512, 1] [16, 2, 16] 2
[512, 512, 512, 1] [16, 16, 2] 16
[512, 512, 512, 1] [16, 16, 2] 16
[512, 512, 512, 1] [16, 16, 2] 16
[512, 512, 512, 1] [16, 16, 2] 16
[512, 512, 512, 1] [16, 16, 2] 16
[512, 512, 512, 1] [16, 16, 2] 16
[512, 512, 512, 1] [16, 16, 2] 16
[512, 512, 512, 1] [16, 16, 2] 16
[512, 512, 512, 1] [16, 16, 2] 16
[512, 512, 512, 1] [16, 16, 2] 16
[512, 512, 512, 1] [16, 16, 2] 16
[512, 512, 512, 1] [16, 16, 2] 16
[512, 512, 512, 1] [16, 16, 2] 16
[512, 512, 512, 1] [16, 16, 2] 16
[512, 512, 512, 1] [16, 16, 2] 16
[512, 512, 512, 1] [16, 16, 2] 16
[8192, 8192, 8192] [512, 512, 512, 1] [16, 16, 16] 0
[512, 512, 512, 1] [16, 2, 16] 2
[512, 512, 512, 1] [16, 2, 16] 2
[512, 512, 512, 1] [16, 2, 16] 2
[512, 512, 512, 1] [16, 2, 16] 2
[512, 512, 512, 1] [16, 2, 16] 2
[512, 512, 512, 1] [16, 2, 16] 2
[512, 512, 512, 1] [16, 2, 16] 2
[512, 512, 512, 1] [16, 2, 16] 2
[512, 512, 512, 1] [16, 2, 16] 2
[512, 512, 512, 1] [16, 2, 16] 2
[512, 512, 512, 1] [16, 2, 16] 2
[512, 512, 512, 1] [16, 2, 16] 2
[512, 512, 512, 1] [16, 2, 16] 2
[512, 512, 512, 1] [16, 2, 16] 2
[512, 512, 512, 1] [16, 2, 16] 2
[512, 512, 512, 1] [16, 2, 16] 2
[512, 512, 512, 1] [16, 16, 2] 16
[512, 512, 512, 1] [16, 16, 2] 16
[512, 512, 512, 1] [16, 16, 2] 16
[512, 512, 512, 1] [16, 16, 2] 16
[512, 512, 512, 1] [16, 16, 2] 16
[512, 512, 512, 1] [16, 16, 2] 16
[512, 512, 512, 1] [16, 16, 2] 16
[512, 512, 512, 1] [16, 16, 2] 16
[512, 512, 512, 1] [16, 16, 2] 16
[512, 512, 512, 1] [16, 16, 2] 16
[512, 512, 512, 1] [16, 16, 2] 16
[512, 512, 512, 1] [16, 16, 2] 16
[512, 512, 512, 1] [16, 16, 2] 16
[512, 512, 512, 1] [16, 16, 2] 16
[512, 512, 512, 1] [16, 16, 2] 16
[512, 512, 512, 1] [16, 16, 2] 16
[8192, 8192, 8192] [1024, 512, 512, 1] [8, 16, 16] 2
[1024, 512, 512, 1] [16, 2, 16] 2
[1024, 512, 512, 1] [16, 2, 16] 2
[1024, 512, 512, 1] [16, 2, 16] 2
[1024, 512, 512, 1] [16, 2, 16] 2
[1024, 512, 512, 1] [16, 2, 16] 2
[1024, 512, 512, 1] [16, 2, 16] 2
[1024, 512, 512, 1] [16, 2, 16] 2
[1024, 512, 512, 1] [16, 2, 16] 2
[1024, 512, 512, 1] [16, 2, 16] 2
[1024, 512, 512, 1] [16, 2, 16] 2
[1024, 512, 512, 1] [16, 2, 16] 2
[1024, 512, 512, 1] [16, 2, 16] 2
[1024, 512, 512, 1] [16, 2, 16] 2
[1024, 512, 512, 1] [16, 2, 16] 2
[1024, 512, 512, 1] [16, 2, 16] 2
[1024, 512, 512, 1] [16, 2, 16] 2
[1024, 512, 512, 1] [16, 16, 2] 16
[1024, 512, 512, 1] [16, 16, 2] 16
[1024, 512, 512, 1] [16, 16, 2] 16
[1024, 512, 512, 1] [16, 16, 2] 16
[1024, 512, 512, 1] [16, 16, 2] 16
[1024, 512, 512, 1] [16, 16, 2] 16
[1024, 512, 512, 1] [16, 16, 2] 16
[1024, 512, 512, 1] [16, 16, 2] 16
[1024, 512, 512, 1] [16, 16, 2] 16
[1024, 512, 512, 1] [16, 16, 2] 16
[1024, 512, 512, 1] [16, 16, 2] 16
[1024, 512, 512, 1] [16, 16, 2] 16
[1024, 512, 512, 1] [16, 16, 2] 16
[1024, 512, 512, 1] [16, 16, 2] 16
[1024, 512, 512, 1] [16, 16, 2] 16
[1024, 512, 512, 1] [16, 16, 2] 16
[8192, 8192, 8192] [1024, 512, 512, 1] [8, 16, 16] 1
[1024, 512, 512, 1] [16, 2, 16] 2
[1024, 512, 512, 1] [16, 2, 16] 2
[1024, 512, 512, 1] [16, 2, 16] 2
[1024, 512, 512, 1] [16, 2, 16] 2
[1024, 512, 512, 1] [16, 2, 16] 2
[1024, 512, 512, 1] [16, 2, 16] 2
[1024, 512, 512, 1] [16, 2, 16] 2
[1024, 512, 512, 1] [16, 2, 16] 2
[1024, 512, 512, 1] [16, 2, 16] 2
[1024, 512, 512, 1] [16, 2, 16] 2
[1024, 512, 512, 1] [16, 2, 16] 2
[1024, 512, 512, 1] [16, 2, 16] 2
[1024, 512, 512, 1] [16, 2, 16] 2
[1024, 512, 512, 1] [16, 2, 16] 2
[1024, 512, 512, 1] [16, 2, 16] 2
[1024, 512, 512, 1] [16, 2, 16] 2
[1024, 512, 512, 1] [16, 16, 2] 16
[1024, 512, 512, 1] [16, 16, 2] 16
[1024, 512, 512, 1] [16, 16, 2] 16
[1024, 512, 512, 1] [16, 16, 2] 16
[1024, 512, 512, 1] [16, 16, 2] 16
[1024, 512, 512, 1] [16, 16, 2] 16
[1024, 512, 512, 1] [16, 16, 2] 16
[1024, 512, 512, 1] [16, 16, 2] 16
[1024, 512, 512, 1] [16, 16, 2] 16
[1024, 512, 512, 1] [16, 16, 2] 16
[1024, 512, 512, 1] [16, 16, 2] 16
[1024, 512, 512, 1] [16, 16, 2] 16
[1024, 512, 512, 1] [16, 16, 2] 16
[1024, 512, 512, 1] [16, 16, 2] 16
[1024, 512, 512, 1] [16, 16, 2] 16
[1024, 512, 512, 1] [16, 16, 2] 16
[8192, 8192, 8192] [1024, 512, 512, 1] [8, 16, 16] 0
[1024, 512, 512, 1] [32, 32] 32
[1024, 512, 512, 1] [32, 32] 32
[1024, 512, 512, 1] [32, 32] 32
[1024, 512, 512, 1] [32, 32] 32
[1024, 512, 512, 1] [32, 32] 32
[1024, 512, 512, 1] [32, 32] 32
[1024, 512, 512, 1] [32, 32] 32
[1024, 512, 512, 1] [32, 32] 32
[1024, 512, 512, 1] [32, 32] 32
[1024, 512, 512, 1] [32, 32] 32
[1024, 512, 512, 1] [32, 32] 32
[1024, 512, 512, 1] [32, 32] 32
[1024, 512, 512, 1] [32, 32] 32
[1024, 512, 512, 1] [32, 32] 32
[1024, 512, 512, 1] [32, 32] 32
[1024, 512, 512, 1] [32, 32] 32
[1024, 512, 512, 1] [32, 32] 32
[1024, 512, 512, 1] [32, 32] 32
[1024, 512, 512, 1] [32, 32] 32
[1024, 512, 512, 1] [32, 32] 32
[1024, 512, 512, 1] [32, 32] 32
[1024, 512, 512, 1] [32, 32] 32
[1024, 512, 512, 1] [32, 32] 32
[1024, 512, 512, 1] [32, 32] 32
[1024, 512, 512, 1] [32, 32] 32
[1024, 512, 512, 1] [32, 32] 32
[1024, 512, 512, 1] [32, 32] 32
[1024, 512, 512, 1] [32, 32] 32
[1024, 512, 512, 1] [32, 32] 32
[1024, 512, 512, 1] [32, 32] 32
[1024, 512, 512, 1] [32, 32] 32
[1024, 512, 512, 1] [32, 32] 32
[8192, 8192, 8192] [1024, 1024, 512, 1] [8, 8, 16] 2
[1024, 1024, 512, 1] [16, 2, 16] 2
[1024, 1024, 512, 1] [16, 2, 16] 2
[1024, 1024, 512, 1] [16, 2, 16] 2
[1024, 1024, 512, 1] [16, 2, 16] 2
[1024, 1024, 512, 1] [16, 2, 16] 2
[1024, 1024, 512, 1] [16, 2, 16] 2
[1024, 1024, 512, 1] [16, 2, 16] 2
[1024, 1024, 512, 1] [16, 2, 16] 2
[1024, 1024, 512, 1] [16, 2, 16] 2
[1024, 1024, 512, 1] [16, 2, 16] 2
[1024, 1024, 512, 1] [16, 2, 16] 2
[1024, 1024, 512, 1] [16, 2, 16] 2
[1024, 1024, 512, 1] [16, 2, 16] 2
[1024, 1024, 512, 1] [16, 2, 16] 2
[1024, 1024, 512, 1] [16, 2, 16] 2
[1024, 1024, 512, 1] [16, 2, 16] 2
[1024, 1024, 512, 1] [16, 16, 2] 16
[1024, 1024, 512, 1] [16, 16, 2] 16
[1024, 1024, 512, 1] [16, 16, 2] 16
[1024, 1024, 512, 1] [16, 16, 2] 16
[1024, 1024, 512, 1] [16, 16, 2] 16
[1024, 1024, 512, 1] [16, 16, 2] 16
[1024, 1024, 512, 1] [16, 16, 2] 16
[1024, 1024, 512, 1] [16, 16, 2] 16
[1024, 1024, 512, 1] [16, 16, 2] 16
[1024, 1024, 512, 1] [16, 16, 2] 16
[1024, 1024, 512, 1] [16, 16, 2] 16
[1024, 1024, 512, 1] [16, 16, 2] 16
[1024, 1024, 512, 1] [16, 16, 2] 16
[1024, 1024, 512, 1] [16, 16, 2] 16
[1024, 1024, 512, 1] [16, 16, 2] 16
[1024, 1024, 512, 1] [16, 16, 2] 16
[8192, 8192, 8192] [1024, 1024, 512, 1] [8, 8, 16] 1
[1024, 1024, 512, 1] [32, 32] 32
[1024, 1024, 512, 1] [32, 32] 32
[1024, 1024, 512, 1] [32, 32] 32
[1024, 1024, 512, 1] [32, 32] 32
[1024, 1024, 512, 1] [32, 32] 32
[1024, 1024, 512, 1] [32, 32] 32
[1024, 1024, 512, 1] [32, 32] 32
[1024, 1024, 512, 1] [32, 32] 32
[1024, 1024, 512, 1] [32, 32] 32
[1024, 1024, 512, 1] [32, 32] 32
[1024, 1024, 512, 1] [32, 32] 32
[1024, 1024, 512, 1] [32, 32] 32
[1024, 1024, 512, 1] [32, 32] 32
[1024, 1024, 512, 1] [32, 32] 32
[1024, 1024, 512, 1] [32, 32] 32
[1024, 1024, 512, 1] [32, 32] 32
[1024, 1024, 512, 1] [32, 32] 32
[1024, 1024, 512, 1] [32, 32] 32
[1024, 1024, 512, 1] [32, 32] 32
[1024, 1024, 512, 1] [32, 32] 32
[1024, 1024, 512, 1] [32, 32] 32
[1024, 1024, 512, 1] [32, 32] 32
[1024, 1024, 512, 1] [32, 32] 32
[1024, 1024, 512, 1] [32, 32] 32
[1024, 1024, 512, 1] [32, 32] 32
[1024, 1024, 512, 1] [32, 32] 32
[1024, 1024, 512, 1] [32, 32] 32
[1024, 1024, 512, 1] [32, 32] 32
[1024, 1024, 512, 1] [32, 32] 32
[1024, 1024, 512, 1] [32, 32] 32
[1024, 1024, 512, 1] [32, 32] 32
[1024, 1024, 512, 1] [32, 32] 32
[8192, 8192, 8192] [1024, 1024, 512, 1] [8, 8, 16] 0
[1024, 1024, 512, 1] [32, 32] 32
[1024, 1024, 512, 1] [32, 32] 32
[1024, 1024, 512, 1] [32, 32] 32
[1024, 1024, 512, 1] [32, 32] 32
[1024, 1024, 512, 1] [32, 32] 32
[1024, 1024, 512, 1] [32, 32] 32
[1024, 1024, 512, 1] [32, 32] 32
[1024, 1024, 512, 1] [32, 32] 32
[1024, 1024, 512, 1] [32, 32] 32
[1024, 1024, 512, 1] [32, 32] 32
[1024, 1024, 512, 1] [32, 32] 32
[1024, 1024, 512, 1] [32, 32] 32
[1024, 1024, 512, 1] [32, 32] 32
[1024, 1024, 512, 1] [32, 32] 32
[1024, 1024, 512, 1] [32, 32] 32
[1024, 1024, 512, 1] [32, 32] 32
[1024, 1024, 512, 1] [32, 32] 32
[1024, 1024, 512, 1] [32, 32] 32
[1024, 1024, 512, 1] [32, 32] 32
[1024, 1024, 512, 1] [32, 32] 32
[1024, 1024, 512, 1] [32, 32] 32
[1024, 1024, 512, 1] [32, 32] 32
[1024, 1024, 512, 1] [32, 32] 32
[1024, 1024, 512, 1] [32, 32] 32
[1024, 1024, 512, 1] [32, 32] 32
[1024, 1024, 512, 1] [32, 32] 32
[1024, 1024, 512, 1] [32, 32] 32
[1024, 1024, 512, 1] [32, 32] 32
[1024, 1024, 512, 1] [32, 32] 32
[1024, 1024, 512, 1] [32, 32] 32
[1024, 1024, 512, 1] [32, 32] 32
[1024, 1024, 512, 1] [32, 32] 32
[8192, 8192, 8192] [1024, 1024, 1024, 1] [8, 8, 8] 2
[1024, 1024, 1024, 1] [16, 4, 16] 4
[1024, 1024, 1024, 1] [16, 4, 16] 4
[1024, 1024, 1024, 1] [16, 4, 16] 4
[1024, 1024, 1024, 1] [16, 4, 16] 4
[1024, 1024, 1024, 1] [16, 4, 16] 4
[1024, 1024, 1024, 1] [16, 4, 16] 4
[1024, 1024, 1024, 1] [16, 4, 16] 4
[1024, 1024, 1024, 1] [16, 4, 16] 4
[1024, 1024, 1024, 1] [16, 4, 16] 4
[1024, 1024, 1024, 1] [16, 4, 16] 4
[1024, 1024, 1024, 1] [16, 4, 16] 4
[1024, 1024, 1024, 1] [16, 4, 16] 4
[1024, 1024, 1024, 1] [16, 4, 16] 4
[1024, 1024, 1024, 1] [16, 4, 16] 4
[1024, 1024, 1024, 1] [16, 4, 16] 4
[1024, 1024, 1024, 1] [16, 4, 16] 4
[1024, 1024, 1024, 1] [16, 16, 4] 16
[1024, 1024, 1024, 1] [16, 16, 4] 16
[1024, 1024, 1024, 1] [16, 16, 4] 16
[1024, 1024, 1024, 1] [16, 16, 4] 16
[1024, 1024, 1024, 1] [16, 16, 4] 16
[1024, 1024, 1024, 1] [16, 16, 4] 16
[1024, 1024, 1024, 1] [16, 16, 4] 16
[1024, 1024, 1024, 1] [16, 16, 4] 16
[1024, 1024, 1024, 1] [16, 16, 4] 16
[1024, 1024, 1024, 1] [16, 16, 4] 16
[1024, 1024, 1024, 1] [16, 16, 4] 16
[1024, 1024, 1024, 1] [16, 16, 4] 16
[1024, 1024, 1024, 1] [16, 16, 4] 16
[1024, 1024, 1024, 1] [16, 16, 4] 16
[1024, 1024, 1024, 1] [16, 16, 4] 16
[1024, 1024, 1024, 1] [16, 16, 4] 16
[8192, 8192, 8192] [1024, 1024, 1024, 1] [8, 8, 8] 1
[1024, 1024, 1024, 1] [16, 4, 16] 4
[1024, 1024, 1024, 1] [16, 4, 16] 4
[1024, 1024, 1024, 1] [16, 4, 16] 4
[1024, 1024, 1024, 1] [16, 4, 16] 4
[1024, 1024, 1024, 1] [16, 4, 16] 4
[1024, 1024, 1024, 1] [16, 4, 16] 4
[1024, 1024, 1024, 1] [16, 4, 16] 4
[1024, 1024, 1024, 1] [16, 4, 16] 4
[1024, 1024, 1024, 1] [16, 4, 16] 4
[1024, 1024, 1024, 1] [16, 4, 16] 4
[1024, 1024, 1024, 1] [16, 4, 16] 4
[1024, 1024, 1024, 1] [16, 4, 16] 4
[1024, 1024, 1024, 1] [16, 4, 16] 4
[1024, 1024, 1024, 1] [16, 4, 16] 4
[1024, 1024, 1024, 1] [16, 4, 16] 4
[1024, 1024, 1024, 1] [16, 4, 16] 4
[1024, 1024, 1024, 1] [16, 16, 4] 16
[1024, 1024, 1024, 1] [16, 16, 4] 16
[1024, 1024, 1024, 1] [16, 16, 4] 16
[1024, 1024, 1024, 1] [16, 16, 4] 16
[1024, 1024, 1024, 1] [16, 16, 4] 16
[1024, 1024, 1024, 1] [16, 16, 4] 16
[1024, 1024, 1024, 1] [16, 16, 4] 16
[1024, 1024, 1024, 1] [16, 16, 4] 16
[1024, 1024, 1024, 1] [16, 16, 4] 16
[1024, 1024, 1024, 1] [16, 16, 4] 16
[1024, 1024, 1024, 1] [16, 16, 4] 16
[1024, 1024, 1024, 1] [16, 16, 4] 16
[1024, 1024, 1024, 1] [16, 16, 4] 16
[1024, 1024, 1024, 1] [16, 16, 4] 16
[1024, 1024, 1024, 1] [16, 16, 4] 16
[1024, 1024, 1024, 1] [16, 16, 4] 16
[8192, 8192, 8192] [1024, 1024, 1024, 1] [8, 8, 8] 0
[1024, 1024, 1024, 1] [16, 4, 16] 4
[1024, 1024, 1024, 1] [16, 4, 16] 4
[1024, 1024, 1024, 1] [16, 4, 16] 4
[1024, 1024, 1024, 1] [16, 4, 16] 4
[1024, 1024, 1024, 1] [16, 4, 16] 4
[1024, 1024, 1024, 1] [16, 4, 16] 4
[1024, 1024, 1024, 1] [16, 4, 16] 4
[1024, 1024, 1024, 1] [16, 4, 16] 4
[1024, 1024, 1024, 1] [16, 4, 16] 4
[1024, 1024, 1024, 1] [16, 4, 16] 4
[1024, 1024, 1024, 1] [16, 4, 16] 4
[1024, 1024, 1024, 1] [16, 4, 16] 4
[1024, 1024, 1024, 1] [16, 4, 16] 4
[1024, 1024, 1024, 1] [16, 4, 16] 4
[1024, 1024, 1024, 1] [16, 4, 16] 4
[1024, 1024, 1024, 1] [16, 4, 16] 4
[1024, 1024, 1024, 1] [16, 16, 4] 16
[1024, 1024, 1024, 1] [16, 16, 4] 16
[1024, 1024, 1024, 1] [16, 16, 4] 16
[1024, 1024, 1024, 1] [16, 16, 4] 16
[1024, 1024, 1024, 1] [16, 16, 4] 16
[1024, 1024, 1024, 1] [16, 16, 4] 16
[1024, 1024, 1024, 1] [16, 16, 4] 16
[1024, 1024, 1024, 1] [16, 16, 4] 16
[1024, 1024, 1024, 1] [16, 16, 4] 16
[1024, 1024, 1024, 1] [16, 16, 4] 16
[1024, 1024, 1024, 1] [16, 16, 4] 16
[1024, 1024, 1024, 1] [16, 16, 4] 16
[1024, 1024, 1024, 1] [16, 16, 4] 16
[1024, 1024, 1024, 1] [16, 16, 4] 16
[1024, 1024, 1024, 1] [16, 16, 4] 16
[1024, 1024, 1024, 1] [16, 16, 4] 16
